62
66
65
72
72
74
63
71
63
69
63
57
63
71
63
71
71
70
68
78
64
64
67
68
66
52
73
78
68
69
64
73
71
66
81
75
72
76
74
71
62
64
67
73
69
68
69
66
73
71
66
69
64
72
69
66
56
70
62
61
55
64
60
59
62
79
70
72
70
74
59
51
71
66
62
53
69
69
69
58
62
58
70
70
66
67
57
70
61
70
64
64
80
68
63
77
55
60
66
75
72
58
64
69
73
77
69
67
65
73
74
66
63
64
75
66
69
65
70
57
77
76
51
71
65
61
65
62
70
74
61
62
64
69
75
77
67
86
70
71
60
71
64
67
64
67
80
72
81
65
63
64
65
67
77
69
58
57
80
80
83
63
63
73
73
73
67
64
55
71
67
51
64
61
76
80
69
63
80
69
63
74
70
71
63
71
72
71
68
76
66
73
64
59
60
64
64
64
70
61
68
59
66
53
71
67
68
69
63
65
61
77
72
78
65
70
73
74
62
69
59
76
69
70
46
65
72
66
74
71
79
62
59
79
74
63
84
76
70
65
63
75
67
72
73
70
61
80
63
68
70
66
68
65
65
78
51
69
59
61
81
67
69
72
69
62
66
68
66
68
71
75
73
68
77
66
69
64
77
72
65
79
80
67
56
56
70
70
74
77
68
53
67
58
60
70
86
67
69
74
68
72
56
71
62
65
62
71
72
55
59
59
48
73
63
65
78
57
67
69
77
66
65
59
74
73
61
61
51
71
66
78
64
80
75
66
80
76
69
70
60
66
63
73
63
63
76
73
69
70
57
67
85
64
72
75
62
65
78
72
56
70
68
58
65
60
59
60
77
81
65
78
67
64
67
70
67
70
65
72
74
70
66
61
68
67
67
54
63
74
65
70
56
72
65
74
60
72
66
73
63
61
66
59
64
79
73
70
76
61
76
62
63
69
56
78
63
65
75
56
59
77
73
73
68
68
62
73
66
77
65
67
59
79
67
64
63
56
72
66
60
77
62
61
79
70
68
76
51
67
58
60
72
70
80
59
54
71
73
75
65
58
73
67
64
73
70
79
64
70
53
68
67
62
55
65
52
71
63
67
64
64
72
69
63
65
65
64
59
66
66
64
66
57
66
63
60
67
73
63
